fcen = 1.0
hmf_q = 1.0
hmf_s = 0.0
lc_lt_fmsk = 1.0
lc_lt_fprj = 1.0
lc_lt_mu = 1.0
lc_lt_sigma = 1.0
lc_lt_tau = 1.0
lo_lc_a = 0.26
lo_lc_alpha = 1.66
lo_lc_b = 1.43
lo_lc_r_lambda = 1.0
mor_a = 137252859112.81984
mor_alpha = 0.691589257
mor_b = 2645961929488.942
mor_sigma = 0.129339555
pzsource_sigma = 0.2
pzsource_zbin = 0.4
roffset_tau = 0.2
zo_zt_sigma = 0.005
