a_s = 2.0685556358364126e-09
baryon_fraction = 0.15733247005503398
cs2_de = 1.0
h0 = 0.6774
hubble = 67.74
k = -0.0
k_s = 0.05000000074505806
log1e10as = 3.90460746
massive_nu = 0
massless_nu = 0
n_run = 0.0
n_s = 0.9667
ombh2 = 0.022301118935999998
omch2 = 0.11944405882800001
omega_b = 0.0486
omega_c = 0.26030000000000003
omega_k = 0.0
omega_lambda = 0.6911
omega_m = 0.3089
omega_nu = 0.0
ommh2 = 0.141745177764
omnuh2 = 0.0
r_t = 0.0
sigma8_input = 0.8159
sigma_8 = 0.8159
tau = 0.091
w = -1.0
wa = 0.0
yhe = 0.23999999463558197
